3.000000000000000000e+00
9.000000000000000000e+00
6.549739999999999451e-01
-9.597279999999999700e-02
5.000000000000000000e-01
6.557589999999999808e-01
-5.409049999999999969e-02
4.500000000000000111e-01
6.550000000000000266e-01
-1.000000000000000021e-03
4.000000000000000222e-01
6.049999999999999822e-01
-1.000000000000000021e-03
3.499999999999999778e-01
5.550000000000000488e-01
-1.000000000000000021e-03
2.999999999999999889e-01
5.050000000000000044e-01
4.900000000000000189e-02
2.500000000000000000e-01
5.550000000000000488e-01
4.900000000000000189e-02
2.000000000000000111e-01
6.049999999999999822e-01
9.900000000000000466e-02
1.499999999999999944e-01
6.550000000000000266e-01
1.489999999999999936e-01
1.000000000000000056e-01
